0.0	0.1	2.80087151281369	4.2034935304431675
0.05	0.1	2.744653720112782	4.156805919032319
0.1	0.1	2.7447187286372756	4.1623559764918046
0.15	0.1	2.7448219338671382	4.167727418724477
0.2	0.1	2.744959610387002	4.172926414646947
0.25	0.1	2.745128405541988	4.17795891048703
0.3	0.1	2.745325298747451	4.182830633287639
0.35	0.1	2.7455475657123993	4.187547095450384
0.4	0.1	2.745792746922536	4.192113600054314
0.45	0.1	2.7460586198242667	4.196535246735661
0.5	0.1	2.746343174230985	4.200816937957158
0.55	0.1	2.7466445905407695	4.204963385529075
0.6	0.1	2.7469612204118836	4.208979117272349
0.65	0.1	2.7472915695910096	4.21286848373616
0.7	0.1	2.7476342826306808	4.216635664901355
0.75	0.1	2.7479881292674846	4.220284676815169
0.8	0.1	2.7483519922629136	4.22381937811627
0.85	0.1	2.7487248565344573	4.2272434764174935
0.9	0.1	2.7491057994267885	4.230560534523239
0.95	0.1	2.749493981991981	4.23377397646357
1.0	0.1	2.7498886411640524	4.236887093333457
1.05	0.1	2.7502890827275053	4.239903048929426
1.1	0.1	2.750694674991662	4.242824885178881
1.15	0.1	2.751104843093393	4.24565552736133
1.2	0.1	2.7515190638600524	4.248397789120941
1.25	0.1	2.751936861172457	4.251054377273863
1.3	0.1	2.752357801774883	4.253627896412795
1.35	0.1	2.752781491485066	4.256120853314361
1.4	0.1	2.753207571762678	4.2585356611538
1.45	0.1	2.753635716599371	4.26087464353335
1.5	0.1	2.7540656296976507	4.263140038330389
1.55	0.1	2.7544970419094597	4.265334001371761
1.6	0.1	2.754929708908532	4.267458609941166
1.65	0.1	2.755363409073413	4.269515866125895
1.7	0.1	2.7557979415605156	4.27150770000999
1.75	0.1	2.756233124548741	4.273435972720096
1.8	0.1	2.756668793639206	4.275302479330583
1.85	0.1	2.75710480039529	4.277108951634254
1.9	0.1	2.7575410110097085	4.2788570607847465
1.95	0.1	2.7579773050867926	4.2805484198164905
2.0	0.1	2.7584135745292016	4.282184586048292
2.05	0.1	2.7588497225195323	4.283767063375367
2.1	0.1	2.7592856625880997	4.285297304456068
2.15	0.1	2.759721317759118	4.286776712797576
2.2	0.1	2.760156619768244	4.288206644745805
2.25	0.1	2.7605915083451023	4.289588411384181
2.3	0.1	2.7610259305550757	4.2909232803456385
2.35	0.1	2.7614598401951067	4.292212477542133
2.4	0.1	2.761893197238889	4.2934571888156166
2.45	0.1	2.762325967327071	4.294658561514413
2.5	0.1	2.7627581212987193	4.295817705998649
2.55	0.1	2.7631896347604292	4.296935697078212
2.6	0.1	2.7636204876899466	4.298013575386279
2.65	0.1	2.7640506640713913	4.299052348692252
2.7	0.1	2.7644801515594377	4.300052993156148
2.75	0.1	2.764908941170019	4.301016454527994
2.8	0.1	2.765337026995442	4.301943649294625
2.85	0.1	2.7657644059418356	4.302835465776443
2.9	0.1	2.7661910774871217	4.303692765176671
2.95	0.1	2.766617043457929	4.304516382585164
3.0	0.1	2.7670423078238024	4.305307127939261
3.05	0.1	2.7674668765074135	4.3060657869435035
3.1	0.1	2.767890757209443	4.306793121950248
3.15	0.1	2.7683139592470387	4.307489872803142
3.2	0.1	2.7687364934046923	4.308156757645082
3.25	0.1	2.7691583717966326	4.3087944736922825
3.3	0.1	2.769579607739792	4.30940369797632
3.35	0.1	2.7700002156365766	4.309985088055448
3.4	0.1	2.770420210866606	4.310539282696458
3.45	0.1	2.7708396096868166	4.311066902528947
3.5	0.1	2.7712584291392077	4.311568550672635
3.55	0.1	2.77167668696573	4.312044813339598
3.6	0.1	2.7720944015296993	4.312496260412076
3.65	0.1	2.772511591743287	4.312923445997126
3.7	0.1	2.7729282770006045	4.313326908959495
3.75	0.1	2.7733444771159954	4.313707173432955
3.8	0.1	2.7737602122670837	4.314064749311924
3.85	0.1	2.774175502942312	4.314400132723618
3.9	0.1	2.7745903698925334	4.3147138064818895
3.95	0.1	2.7750048340864475	4.315006240523491
4.0	0.1	2.7754189166695507	4.315277892327577
4.05	0.1	2.7758326389263157	4.315529207319185
4.1	0.1	2.7762460222454273	4.315760619257139
4.15	0.1	2.776659088087821	4.315972550607642
4.2	0.1	2.7770718579572833	4.316165412903435
4.25	0.1	2.7774843533734934	4.316339607089842
4.3	0.1	2.777896595847245	4.316495523857609
4.35	0.1	2.778308606857802	4.316633543963686
4.4	0.1	2.778720407832097	4.316754038540051
4.45	0.1	2.779132020125759	4.316857369391327
4.5	0.1	2.7795434650057667	4.3169438892814025
4.55	0.1	2.7799547636346107	4.317013942209884
4.6	0.1	2.7803659370559144	4.3170678636784405
4.65	0.1	2.7807770061813177	4.317105980947564
4.7	0.1	2.78118799177862	4.317128613284395
4.75	0.1	2.781598914461018	4.317136072201543
4.8	0.1	2.782009794677415	4.317128661687585
4.85	0.1	2.7824206527036766	4.317106678429536
4.9	0.1	2.782831508634801	4.317070412027396
4.95	0.1	2.783242382377915	4.317020145201442
0.0	0.2	64.18372131887199	75.55936953009325
0.05	0.2	3.293891344988765	4.352429513007123
0.1	0.2	3.2939429641733566	4.355258100110024
0.15	0.2	3.294026884896009	4.3580810870993245
0.2	0.2	3.294141479262726	4.360897332657144
0.25	0.2	3.2942852015726807	4.3637057759290085
0.3	0.2	3.294456583753689	4.366505431431104
0.35	0.2	3.2946542310802727	4.3692953842972235
0.4	0.2	3.294876818154847	4.372074785837838
0.45	0.2	3.295123085134133	4.374842849392047
0.5	0.2	3.2953918341841626	4.377598846449886
0.55	0.2	3.295681926148492	4.380342103026472
0.6	0.2	3.2959922774154466	4.383071996270733
0.65	0.2	3.296321856971161	4.385787951291291
0.7	0.2	3.2966696836262575	4.388489438185974
0.75	0.2	3.297034823404762	4.391175969259895
0.8	0.2	3.2974163870847577	4.393847096419578
0.85	0.2	3.297813527881056	4.396502408731147
0.9	0.2	3.2982254392607064	4.399141530131756
0.95	0.2	3.298651352883045	4.401764117283679
1.0	0.2	3.2990905366562604	4.40436985756147
1.05	0.2	3.2995422929033493	4.4069584671639825
1.1	0.2	3.3000059566305207	4.409529689342171
1.15	0.2	3.300480893891803	4.412083292735942
1.2	0.2	3.300966500243904	4.414619069812205
1.25	0.2	3.3014621992858157	4.417136835398109
1.3	0.2	3.3019674412780597	4.41963642530308
1.35	0.2	3.3024817018367627	4.422117695023969
1.4	0.2	3.3030044806980543	4.424580518528152
1.45	0.2	3.3035353005486594	4.4270247871093735
1.5	0.2	3.3040737059187246	4.429450408312077
1.55	0.2	3.3046192621332606	4.431857304919779
1.6	0.2	3.305171554318764	4.4342454140031995
1.65	0.2	3.3057301864617954	4.436614686025099
1.7	0.2	3.306294780516575	4.4389650839974495
1.75	0.2	3.30686497555874	4.441296582688601
1.8	0.2	3.3074404269826236	4.443609167876657
1.85	0.2	3.30802080573965	4.445902835646665
1.9	0.2	3.308605797615457	4.4481775917288635
1.95	0.2	3.3091951025436517	4.450433450875259
2.0	0.2	3.3097884339541053	4.452670436272758
2.05	0.2	3.310385518153861	4.454888578990034
2.1	0.2	3.310986093738982	4.457087917456529
2.15	0.2	3.3115899110354428	4.459268496971694
2.2	0.2	3.3121967315677017	4.461430369242326
2.25	0.2	3.312806327553282	4.4635735919466875
2.3	0.2	3.313418481422063	4.465698228323686
2.35	0.2	3.3140329853589416	4.467804346785748
2.4	0.2	3.314649640868563	4.469892020553778
2.45	0.2	3.315268258361042	4.471961327313169
2.5	0.2	3.3158886567574912	4.474012348889588
2.55	0.2	3.3165106631143733	4.47604517094325
2.6	0.2	3.3171341122656584	4.478059882680751
2.65	0.2	3.3177588464818655	4.480056576583435
2.7	0.2	3.3183847151451635	4.482035348151458
2.75	0.2	3.319011574439637	4.48399629566221
2.8	0.2	3.319639287056016	4.4859395199429715
2.85	0.2	3.3202677219100427	4.487865124156417
2.9	0.2	3.3208967538739023	4.48977321359849
2.95	0.2	3.3215262635199543	4.491663895507932
3.0	0.2	3.322156136876203	4.49353727888681
3.05	0.2	3.3227862651929274	4.495393474331362
3.1	0.2	3.323416544719884	4.497232593872734
3.15	0.2	3.3240468764935547	4.499054750826798
3.2	0.2	3.324677166134052	4.500860059652826
3.25	0.2	3.3253073236510193	4.50264863582043
3.3	0.2	3.325937263258281	4.504420595684172
3.35	0.2	3.3265669031966865	4.506176056365604
3.4	0.2	3.327196165564822	4.507915135642291
3.45	0.2	3.327824976157187	4.509637951843328
3.5	0.2	3.3284532643094633	4.51134462375111
3.55	0.2	3.3290809627506026	4.5130352705089924
3.6	0.2	3.32970800746132	4.514710011534487
3.65	0.2	3.330334337538748	4.516368966437579
3.7	0.2	3.330959895066986	4.518012254944242
3.75	0.2	3.331584624993164	4.519639996824454
3.8	0.2	3.3322084750089265	4.521252311824659
3.85	0.2	3.3328313954369015	4.522849319604523
3.9	0.2	3.3334533391220815	4.524431139677549
3.95	0.2	3.334074261327788	4.525997891355496
4.0	0.2	3.3346941196360778	4.527549693696288
4.05	0.2	3.3353128738523243	4.5290866654553845
4.1	0.2	3.335930485913849	4.530608925040147
4.15	0.2	3.3365469198023647	4.532116590467409
4.2	0.2	3.3371621414601016	4.533609779323653
4.25	0.2	3.337776118709416	4.535088608728135
4.3	0.2	3.3383888211757613	4.536553195298179
4.35	0.2	3.339000220213846	4.538003655117353
4.4	0.2	3.3396102888368167	4.539440103705449
4.45	0.2	3.3402190016484217	4.540862655990873
4.5	0.2	3.3408263347778977	4.542271426284988
4.55	0.2	3.341432265817562	4.54366652825838
4.6	0.2	3.3420367737629557	4.5450480749189435
4.65	0.2	3.342639838955397	4.546416178591647
4.7	0.2	3.3432414430269244	4.547770950900008
4.75	0.2	3.3438415688473895	4.549112502748889
4.8	0.2	3.3444402004737865	4.550440944309063
4.85	0.2	3.3450373231015376	4.551756385002819
4.9	0.2	3.3456329230177992	4.553058933491128
4.95	0.2	3.3462269875566033	4.5543486976618075
0.0	0.3	78.95769899458236	80.82013979208236
0.05	0.3	3.062946575828855	2.391804512706406
0.1	0.3	3.0629664875950424	2.3912095972933174
0.15	0.3	3.0629990380640195	2.3906346633303754
0.2	0.3	3.063043730797733	2.3900789931684723
0.25	0.3	3.0631000892551117	2.389541896848748
0.3	0.3	3.0631676559116956	2.38902271090153
0.35	0.3	3.063245991422759	2.388520797204331
0.4	0.3	3.0633346738275744	2.388035541895569
0.45	0.3	3.0634332977925864	2.387566354340002
0.5	0.3	3.063541473891305	2.3871126661443984
0.55	0.3	3.0636588279190273	2.3866739302197417
0.6	0.3	3.063785000240449	2.3862496198880545
0.65	0.3	3.0639196451684545	2.38583922803127
0.7	0.3	3.0640624303723847	2.3854422662799637
0.75	0.3	3.0642130363142788	2.385058264239945
0.8	0.3	3.0643711557115973	2.3846867687544733
0.85	0.3	3.0645364930250145	2.38432734320083
0.9	0.3	3.0647087639700588	2.3839795668186947
0.95	0.3	3.0648876950512753	2.3836430340693826
1.0	0.3	3.0650730231178342	2.383317354023986
1.05	0.3	3.0652644949394556	2.383002149779181
1.1	0.3	3.0654618668016087	2.3826970578990827
1.15	0.3	3.0656649041190462	2.3824017278821192
1.2	0.3	3.0658733810667305	2.3821158216513987
1.25	0.3	3.0660870802272884	2.381839013067698
1.3	0.3	3.066305792254175	2.381570987463635
1.35	0.3	3.06652931554978	2.3813114411983367
1.4	0.3	3.0667574559577155	2.3810600812313454
1.45	0.3	3.066990026468641	2.3808166247149685
1.5	0.3	3.0672268469389024	2.3805807986040652
1.55	0.3	3.0674677438214304	2.3803523392826405
1.6	0.3	3.0677125499082663	2.3801309922061917
1.65	0.3	3.067961104084164	2.3799165115592995
1.7	0.3	3.068213251090769	2.3797086599275508
1.75	0.3	3.068468841300825	2.379507207983258
1.8	0.3	3.068727730501999	2.3793119341842757
1.85	0.3	3.0689897796898045	2.3791226244852965
1.9	0.3	3.069254854869248	2.3789390720610792
1.95	0.3	3.069522826864759	2.378761077041062
2.0	0.3	3.0697935711380926	2.37858844625478
2.05	0.3	3.070066967613702	2.3784209929877496
2.1	0.3	3.0703429005113865	2.378258536747099
2.15	0.3	3.0706212581858043	2.3781009030368123
2.2	0.3	3.0709019329725185	2.377947923141819
2.25	0.3	3.0711848210403656	2.37779943392086
2.3	0.3	3.071469822249784	2.3776552776075035
2.35	0.3	3.07175684001687	2.37751530161909
2.4	0.3	3.0720457811828896	2.377379358373149
2.45	0.3	3.0723365558890507	2.377247305111084
2.5	0.3	3.072629077456231	2.377119003728699
2.55	0.3	3.0729232622695015	2.376994320613305
2.6	0.3	3.0732190296672144	2.376873126487225
2.65	0.3	3.0735163018344553	2.3767552962571683
2.7	0.3	3.073815003700685	2.3766407088695596
2.75	0.3	3.0741150628413663	2.376529247171287
2.8	0.3	3.0744164093834168	2.3764207977757876
2.85	0.3	3.0747189759143523	2.376315250934172
2.9	0.3	3.0750226973949086	2.3762125004112806
2.95	0.3	3.075327511075025	2.376112443366342
3.0	0.3	3.075633356413059	2.376014980238084
3.05	0.3	3.0759401749980864	2.3759200146342008
3.1	0.3	3.0762479104751264	2.375827453224828
3.15	0.3	3.0765565084732294	2.375737205640028
3.2	0.3	3.076865916536262	2.3756491843710053
3.25	0.3	3.0771760840562905	2.37556330467498
3.3	0.3	3.077486962209468	2.3754794844834954
3.35	0.3	3.0777985038943063	2.375397644314086
3.4	0.3	3.078110663672233	2.375317707185139
3.45	0.3	3.0784233977103703	2.3752395985338257
3.5	0.3	3.0787366637264246	2.375163246137006
3.55	0.3	3.0790504209355585	2.375088580034916
3.6	0.3	3.079364629999277	2.3750155324576245
3.65	0.3	3.0796792529761365	2.374944037754077
3.7	0.3	3.0799942532742337	2.3748740323236714
3.75	0.3	3.080309595605466	2.3748054545502213
3.8	0.3	3.080625245941412	2.3747382447382717
3.85	0.3	3.0809411714708035	2.3746723450516085
3.9	0.3	3.081257340558517	2.3746076994539322
3.95	0.3	3.0815737227060533	2.374544253651624
4.0	0.3	3.0818902885134194	2.374481955038407
4.05	0.3	3.0822070096423477	2.37442075264201
4.1	0.3	3.0825238587808355	2.3743605970726263
4.15	0.3	3.082840809608939	2.374301440473114
4.2	0.3	3.0831578367657393	2.37424323647094
4.25	0.3	3.083474915817533	2.374185940131748
4.3	0.3	3.083792023227053	2.374129507914447
4.35	0.3	3.08410913632382	2.374073897627913
4.4	0.3	3.0844262332755226	2.3740190683890625
4.45	0.3	3.0847432930603453	2.373964980582408
4.5	0.3	3.0850602954403126	2.373911595820847
4.55	0.3	3.085377220935494	2.373858876907938
4.6	0.3	3.0856940507991455	2.3738067878012394
4.65	0.3	3.0860107669936605	2.373755293576998
4.7	0.3	3.0863273521673644	2.3737043603959394
4.75	0.3	3.0866437896321135	2.373653955470203
4.8	0.3	3.0869600633415963	2.3736040470313498
4.85	0.3	3.087276157870464	2.37355460429944
4.9	0.3	3.087592058394057	2.3735055974530734
4.95	0.3	3.087907750668903	2.37345699760045
0.0	0.4	702.9248375628757	691.6506950628686
0.05	0.4	2.7047262348723846	2.305349954092411
0.1	0.4	2.704737927006278	2.3044824380284292
0.15	0.4	2.7047571417433427	2.3036315711418816
0.2	0.4	2.704783663812352	2.30279697782517
0.25	0.4	2.7048172842221136	2.301978292387834
0.3	0.4	2.7048578000586527	2.301175158751054
0.35	0.4	2.704905014289774	2.300387230156026
0.4	0.4	2.704958735576597	2.299614168880933
0.45	0.4	2.705018778091924	2.2988556459683585
0.5	0.4	2.7050849613450243	2.298111340962073
0.55	0.4	2.7051571100126974	2.297380941652498
0.6	0.4	2.7052350537762813	2.296664143831378
0.65	0.4	2.7053186271644343	2.2959606510542954
0.7	0.4	2.7054076694014118	2.295270174411538
0.75	0.4	2.705502024260675	2.2945924323066675
0.8	0.4	2.705601539923563	2.2939271502423617
0.85	0.4	2.705706068842908	2.29327406061362
0.9	0.4	2.7058154676113095	2.292632902507584
0.95	0.4	2.705929596833984	2.292003421510318
1.0	0.4	2.706048321005951	2.2913853695196966
1.05	0.4	2.706171508393403	2.290778504564513
1.1	0.4	2.7062990309191264	2.290182590629632
1.15	0.4	2.7064307640517797	2.2895973974865784
1.2	0.4	2.7065665866989197	2.2890227005298556
1.25	0.4	2.7067063811036163	2.2884582806184808
1.3	0.4	2.706850032744528	2.2879039239224936
1.35	0.4	2.706997430239299	2.2873594217745463
1.4	0.4	2.707148465251176	2.2868245705261847
1.45	0.4	2.707303032398699	2.2862991714085803
1.5	0.4	2.707461029168388	2.2857830303978086
1.55	0.4	2.70762235583027	2.2852759580843136
1.6	0.4	2.707786915356197	2.2847777695464275
1.65	0.4	2.7079546133407923	2.2842882842279053
1.7	0.4	2.708125357924981	2.283807325819238
1.75	0.4	2.7082990597220093	2.2833347221426514
1.8	0.4	2.7084756317458116	2.282870305040642
1.85	0.4	2.708654989341702	2.282413910267908
1.9	0.4	2.7088370501192767	2.2819653773867
1.95	0.4	2.7090217338874516	2.2815245496652734
2.0	0.4	2.709208962591562	2.2810912739793516
2.05	0.4	2.709398660252463	2.2806654007168095
2.1	0.4	2.7095907529075363	2.2802467836849205
2.15	0.4	2.7097851685535645	2.279835280020688
2.2	0.4	2.70998183709136	2.2794307501036295
2.25	0.4	2.710180690272182	2.2790330574712683
2.3	0.4	2.710381661645768	2.278642068737105
2.35	0.4	2.7105846865099887	2.2782576535110737
2.4	0.4	2.710789701862063	2.277879684322185
2.45	0.4	2.710996646351272	2.277508036543642
2.5	0.4	2.7112054602331237	2.277142588319972
2.55	0.4	2.71141608532492	2.276783220496399
2.6	0.4	2.71162846496267	2.276429816550179
2.65	0.4	2.711842543959311	2.276082262523993
2.7	0.4	2.712058268564214	2.2757404469611804
2.75	0.4	2.7122755864238797	2.2754042608429392
2.8	0.4	2.7124944465438414	2.2750735975271597
2.85	0.4	2.7127147992516933	2.274748352689181
2.9	0.4	2.7129365961612297	2.274428424264135
2.95	0.4	2.713159790137655	2.2741137123908506
3.0	0.4	2.7133843352638127	2.273804119357508
3.05	0.4	2.713610186807431	2.273499549548681
3.1	0.4	2.713837301189327	2.2731999093939135
3.15	0.4	2.7140656359525264	2.272905107317705
3.2	0.4	2.714295149732332	2.2726150536909304
3.25	0.4	2.714525802227214	2.2723296607835923
3.3	0.4	2.7147575541705917	2.2720488427187724
3.35	0.4	2.714990367303405	2.2717725154280366
3.4	0.4	2.715224204347499	2.271500596607892
3.45	0.4	2.7154590289797573	2.2712330056775376
3.5	0.4	2.7156948058070047	2.270969663737704
3.55	0.4	2.7159315003415956	2.270710493530652
3.6	0.4	2.716169078977743	2.270455419401191
3.65	0.4	2.7164075089684783	2.270204367258835
3.7	0.4	2.716646758403292	2.269957264540905
3.75	0.4	2.7168867961864125	2.269714040176606
3.8	0.4	2.717127592015673	2.269474624552154
3.85	0.4	2.7173691163619993	2.269238949476703
3.9	0.4	2.717611340449464	2.2690069481493014
3.95	0.4	2.717854236235882	2.2687785551266013
4.0	0.4	2.7180977763939937	2.268553706291493
4.05	0.4	2.7183419342931137	2.268332338822565
4.1	0.4	2.7185866839813415	2.2681143911642967
4.15	0.4	2.718832000168229	2.267899802998092
4.2	0.4	2.7190778582079362	2.2676885152140227
4.25	0.4	2.719324234082867	2.267480469883351
4.3	0.4	2.719571104387734	2.267275610231696
4.35	0.4	2.7198184463140644	2.2670738806129394
4.4	0.4	2.7200662376351357	2.26687522648376
4.45	0.4	2.7203144566913102	2.26667959437889
4.5	0.4	2.7205630823757887	2.2664869318869085
4.55	0.4	2.7208120941207286	2.266297187626688
4.6	0.4	2.721061471883739	2.26611031122449
4.65	0.4	2.7213111961347534	2.2659262532915347
4.7	0.4	2.721561247843247	2.265744965402211
4.75	0.4	2.7218116084657935	2.2655664000728333
4.8	0.4	2.7220622599339612	2.2653905107408674
4.85	0.4	2.7223131846425246	2.265217251744707
4.9	0.4	2.7225643654380014	2.265046578304015
4.95	0.4	2.72281578560747	2.2648784465004264
0.0	0.5	3.129006218513283	3.0197667161105057
0.05	0.5	2.481211440949139	2.3771534608179743
0.1	0.5	2.4812182439863824	2.376621493262714
0.15	0.5	2.4812294516807767	2.3760992993430734
0.2	0.5	2.481244960044728	2.375586696357749
0.25	0.5	2.481264667609584	2.375083505623358
0.3	0.5	2.481288475357955	2.374589552371172
0.35	0.5	2.4813162866580574	2.3741046656479488
0.4	0.5	2.48134800720004	2.3736286782192444
0.45	0.5	2.4813835449341943	2.373161426475508
0.5	0.5	2.4814228100110327	2.372702750341177
0.55	0.5	2.4814657147231247	2.3722524931860196
0.6	0.5	2.481512173448673	2.371810501739209
0.65	0.5	2.481562102596733	2.371376626005818
0.7	0.5	2.4816154205540784	2.370950719185768
0.75	0.5	2.481672047633569	2.3705326375948625
0.8	0.5	2.481731906024084	2.370122240588175
0.85	0.5	2.481794919741869	2.369719390485761
0.9	0.5	2.4818610145833118	2.3693239525000696
0.95	0.5	2.481930118079078	2.368935794665692
1.0	0.5	2.48200215944958	2.3685547877709583
1.05	0.5	2.4820770695616985	2.368180805291368
1.1	0.5	2.4821547808867606	2.3678137233249688
1.15	0.5	2.482235227459713	2.3674534205294675
1.2	0.5	2.482318344839455	2.367099778060996
1.25	0.5	2.4824040700702876	2.366752679514642
1.3	0.5	2.48249234164445	2.366412010866574
1.35	0.5	2.4825830994657396	2.3660776604177034
1.4	0.5	2.482676284814092	2.3657495187388826
1.45	0.5	2.4827718403112256	2.3654274786176193
1.5	0.5	2.482869709887164	2.365111435006124
1.55	0.5	2.4829698387477617	2.364801284970841
1.6	0.5	2.4830721733430727	2.36449692764331
1.65	0.5	2.483176661336626	2.3641982641722454
1.7	0.5	2.483283251575529	2.3639051976769996
1.75	0.5	2.483391894061397	2.3636176332021774
1.8	0.5	2.4835025399220707	2.3633354776734725
1.85	0.5	2.483615141384109	2.363058639854634
1.9	0.5	2.483729651746041	2.362787030305605
1.95	0.5	2.483846025352303	2.3625205613416753
2.0	0.5	2.483964217567933	2.3622591469937793
2.05	0.5	2.4840841847539057	2.3620027029697424
2.1	0.5	2.4842058842431296	2.361751146616577
2.15	0.5	2.4843292743171266	2.3615043968837135
2.2	0.5	2.484454314183267	2.361262374287192
2.25	0.5	2.484580963952685	2.3610250008747506
2.3	0.5	2.4847091846187173	2.360792200191811
2.35	0.5	2.484838938035934	2.360563897248338
2.4	0.5	2.4849701868997385	2.360340018486492
2.45	0.5	2.4851028947264693	2.3601204917491403
2.5	0.5	2.4852370258340617	2.3599052462491428
2.55	0.5	2.485372545323172	2.359694212539392
2.6	0.5	2.4855094190588294	2.3594873224836235
2.65	0.5	2.4856476136525414	2.3592845092279107
2.7	0.5	2.485787096444876	2.359085707172939
2.75	0.5	2.4859278354884835	2.3588908519468577
2.8	0.5	2.486069799531561	2.358699880378918
2.85	0.5	2.4862129580017336	2.3585127304736604
2.9	0.5	2.486357280990367	2.35832934138577
2.95	0.5	2.486502739237246	2.3581496533955772
3.0	0.5	2.4866493041156854	2.3579736078850853
3.05	0.5	2.486796947617981	2.3578011473146385
3.1	0.5	2.4869456423412517	2.357632215200113
3.15	0.5	2.4870953614736306	2.3574667560906892
3.2	0.5	2.487246078780796	2.3573047155471287
3.25	0.5	2.487397768592865	2.3571460401205813
3.3	0.5	2.487550405791582	2.356990677331905
3.35	0.5	2.487703965797854	2.3568385756514623
3.4	0.5	2.487858424559577	2.3566896844794467
3.45	0.5	2.488013758539777	2.35654395412655
3.5	0.5	2.4881699447050445	2.35640133579524
3.55	0.5	2.4883269605142373	2.3562617815613676
3.6	0.5	2.4884847839074875	2.356125244356259
3.65	0.5	2.4886433932954586	2.3559916779491887
3.7	0.5	2.4888027675488673	2.3558610369303037
3.75	0.5	2.4889628859882826	2.355733276693888
3.8	0.5	2.489123728374131	2.3556083534220864
3.85	0.5	2.489285274896989	2.3554862240689296
3.9	0.5	2.489447506168099	2.355366846344771
3.95	0.5	2.489610403210071	2.3552501787010875
4.0	0.5	2.489773947447889	2.355136180315569
4.05	0.5	2.489938120700059	2.3550248110776333
4.1	0.5	2.490102905170002	2.3549160315742164
4.15	0.5	2.4902682834376746	2.354809803075866
4.2	0.5	2.4904342384513334	2.3547060875231973
4.25	0.5	2.4906007535195442	2.354604847513661
4.3	0.5	2.490767812303368	2.354506046288526
4.35	0.5	2.49093539880871	2.3544096477202707
4.4	0.5	2.491103497378887	2.3543156163001346
4.45	0.5	2.491272092687329	2.3542239171260686
4.5	0.5	2.4914411697305026	2.3541345158908427
4.55	0.5	2.4916107138209393	2.3540473788704976
4.6	0.5	2.4917807105804792	2.3539624729130177
4.65	0.5	2.4919511459336494	2.35387976542724
4.7	0.5	2.4921220061011855	2.353799224372027
4.75	0.5	2.4922932775937428	2.3537208182457157
4.8	0.5	2.4924649472056886	2.3536445160756805
4.85	0.5	2.4926370020091233	2.3535702874082665
4.9	0.5	2.492809429347957	2.3534981022988286
4.95	0.5	2.492982216832171	2.3534279313020527
0.0	0.6	15.547634233229978	14.791996669167856
0.05	0.6	2.7119065856273035	2.0475928749812486
0.1	0.6	2.7119113643008768	2.046882047615144
0.15	0.6	2.711919251446691	2.0461793870586833
0.2	0.6	2.711930185279814	2.045484767964339
0.25	0.6	2.7119441052757605	2.0447980672714894
0.3	0.6	2.711960952141965	2.044119164156917
0.35	0.6	2.7119806677900287	2.0434479399876375
0.4	0.6	2.7120031953086086	2.0427842782740004
0.45	0.6	2.7120284789370284	2.0421280646253206
0.5	0.6	2.71205646403955	2.0414791867052604
0.55	0.6	2.7120870970802766	2.0408375341890594
0.6	0.6	2.712120325598682	2.0402029987215387
0.65	0.6	2.712156098185771	2.0395754738760146
0.7	0.6	2.712194364460798	2.038954855114397
0.75	0.6	2.7122350750486066	2.0383410397481914
0.8	0.6	2.712278181557478	2.037733926900219
0.85	0.6	2.7123236365575605	2.03713341746752
0.9	0.6	2.71237139355983	2.0365394140850492
0.95	0.6	2.712421406995528	2.03595182109005
1.0	0.6	2.712473632196153	2.0353705444874586
1.05	0.6	2.7125280253738993	2.034795491916095
1.1	0.6	2.7125845436025777	2.0342265726156077
1.15	0.6	2.712643144799025	2.03366369739406
1.2	0.6	2.7127037877049203	2.0331067785965327
1.25	0.6	2.712766431869074	2.0325557300741828
1.3	0.6	2.712831037630122	2.032010467154212
1.35	0.6	2.7128975660996333	2.031470906610406
1.4	0.6	2.712965979145645	2.0309369666344126
1.45	0.6	2.7130362393765473	2.0304085668075547
1.5	0.6	2.7131083101253943	2.029885628073513
1.55	0.6	2.7131821554345623	2.0293680727113736
1.6	0.6	2.7132577400407563	2.028855824309505
1.65	0.6	2.713335029360419	2.0283488077397642
1.7	0.6	2.713413989475418	2.027846949132554
1.75	0.6	2.713494587119124	2.0273501758522916
1.8	0.6	2.7135767896627745	2.026858416473451
1.85	0.6	2.713660565102184	2.026371600757096
1.9	0.6	2.713745882044735	2.025889659628023
1.95	0.6	2.7138327096966988	2.025412525152341
2.0	0.6	2.713921017850826	2.024940130515564
2.05	0.6	2.714010776874232	2.024472410001172
2.1	0.6	2.7141019576965637	2.024009298969695
2.15	0.6	2.714194531798434	2.023550733838177
2.2	0.6	2.714288471200115	2.0230966520601497
2.25	0.6	2.714383748450505	2.0226469921059915
2.3	0.6	2.7144803366163246	2.0222016934437472
2.35	0.6	2.714578209271581	2.0217606965203756
2.4	0.6	2.7146773404872397	2.021323942743351
2.45	0.6	2.714777704821168	2.020891374462682
2.5	0.6	2.7148792773082744	2.0204629349533247
2.55	0.6	2.7149820334508803	2.0200385683980038
2.6	0.6	2.715085949209309	2.0196182198702943
2.65	0.6	2.7151910009926814	2.0192018353181735
2.7	0.6	2.715297165649911	2.01878936154791
2.75	0.6	2.715404420460922	2.0183807462081615
2.8	0.6	2.7155127431280226	2.017975937774588
2.85	0.6	2.7156221117675154	2.017574885534708
2.9	0.6	2.715732504901448	2.017177539573035
2.95	0.6	2.715843901449587	2.0167838507565765
3.0	0.6	2.7159562807215254	2.0163937707206143
3.05	0.6	2.716069622409005	2.0160072518547922
3.1	0.6	2.7161839065783657	2.0156242472894785
3.15	0.6	2.7162991136632093	2.015244710882426
3.2	0.6	2.7164152244571578	2.0148685972056875
3.25	0.6	2.716532220106829	2.014495861532818
3.3	0.6	2.7166500821049326	2.0141264598263193
3.35	0.6	2.7167687922835126	2.0137603487253752
3.4	0.6	2.716888332807358	2.01339748553379
3.45	0.6	2.717008686167532	2.0130378282082066
3.5	0.6	2.7171298351750535	2.0126813353465676
3.55	0.6	2.717251762954703	2.012327966176782
3.6	0.6	2.717374452938971	2.0119776805456313
3.65	0.6	2.7174978888621415	2.011630438907905
3.7	0.6	2.717622054754457	2.011286202315768
3.75	0.6	2.717746934936474	2.0109449324082878
3.8	0.6	2.7178725140134974	2.0106065914012574
3.85	0.6	2.7179987768701195	2.0102711420771215
3.9	0.6	2.7181257086649193	2.0099385477751817
3.95	0.6	2.718253294825218	2.0096087723819536
4.0	0.6	2.7183815210420064	2.009281780321731
4.05	0.6	2.718510373264908	2.0089575365473222
4.1	0.6	2.718639837697317	2.0086360065309963
4.15	0.6	2.718769900791585	2.0083171562555755
4.2	0.6	2.7189005492443257	2.008000952205702
4.25	0.6	2.7190317699918283	2.007687361359317
4.3	0.6	2.71916355020555	2.0073763511792504
4.35	0.6	2.719295877287694	2.0070678896050116
4.4	0.6	2.71942873886692	2.0067619450447314
4.45	0.6	2.719562122794084	2.006458486367248
4.5	0.6	2.7196960171381064	2.0061574828943267
4.55	0.6	2.7198304101819235	2.005858904393112
4.6	0.6	2.7199652904184863	2.0055627210686247
4.65	0.6	2.720100646546885	2.0052689035564457
4.7	0.6	2.7202364674685255	2.0049774229155743
4.75	0.6	2.7203727422833803	2.00468825062133
4.8	0.6	2.7205094602863578	2.0044013585584897
4.85	0.6	2.720646610963668	2.0041167190145033
4.9	0.6	2.7207841839893314	2.003834304672829
4.95	0.6	2.7209221692217223	2.003554088606419
0.0	0.7	2.514303270809344	2.232607610008509
0.05	0.7	2.505092057022761	2.223412369439424
0.1	0.7	2.505094336635227	2.2232311414611354
0.15	0.7	2.5050981069916367	2.223052241236556
0.2	0.7	2.5051033448065936	2.2228756362794737
0.25	0.7	2.505110027174208	2.2227012946102693
0.3	0.7	2.5051181315612223	2.2225291847472888
0.35	0.7	2.505127635800291	2.2223592756973503
0.4	0.7	2.505138518083363	2.222191536947743
0.45	0.7	2.505150756955245	2.222025938457114
0.5	0.7	2.505164331307262	2.221862450648045
0.55	0.7	2.5051792203710543	2.2217010443982677
0.6	0.7	2.505195403712494	2.2215416910329817
0.65	0.7	2.5052128612257385	2.221384362317052
0.7	0.7	2.50523157312739	2.221229030447334
0.75	0.7	2.5052515199507654	2.2210756680453296
0.8	0.7	2.505272682540304	2.2209242481496845
0.85	0.7	2.505295042046055	2.2207747442089563
0.9	0.7	2.5053185799183	2.220627130074875
0.95	0.7	2.5053432779022784	2.2204813799950687
1.0	0.7	2.5053691180329922	2.2203374686064414
1.05	0.7	2.5053960826301496	2.2201953709285465
1.1	0.7	2.5054241542931694	2.220055062357039
1.15	0.7	2.5054533158963226	2.2199165186572403
1.2	0.7	2.5054835505839406	2.219779715957895
1.25	0.7	2.505514841765718	2.2196446307450963
1.3	0.7	2.5055471731121286	2.2195112398560775
1.35	0.7	2.5055805285499	2.219379520473438
1.4	0.7	2.5056148922576083	2.219249450119303
1.45	0.7	2.505650248661319	2.2191210066495963
1.5	0.7	2.5056865824303594	2.218994168248473
1.55	0.7	2.5057238784731233	2.2188689134228214
1.6	0.7	2.50576212193299	2.2187452209969107
1.65	0.7	2.5058012981843176	2.218623070107098
1.7	0.7	2.505841392828487	2.2185024401966893
1.75	0.7	2.505882391690051	2.218383311010704
1.8	0.7	2.505924280812953	2.218265662591121
1.85	0.7	2.505967046456792	2.2181494752718054
1.9	0.7	2.5060106750931936	2.2180347296737795
1.95	0.7	2.5060551534022153	2.217921406700501
2.0	0.7	2.506100468268853	2.2178094875332066
2.05	0.7	2.50614660677958	2.2176989536264156
2.1	0.7	2.506193556218977	2.2175897867034617
2.15	0.7	2.5062413040664206	2.2174819687520944
2.2	0.7	2.506289837992809	2.217375482020177
2.25	0.7	2.506339145857384	2.217270309011517
2.3	0.7	2.5063892157046004	2.21716643248171
2.35	0.7	2.506440035761025	2.217063835434024
2.4	0.7	2.5064915944323385	2.2169625011154936
2.45	0.7	2.5065438803003706	2.2168624130129517
2.5	0.7	2.5065968821201796	2.216763554849167
2.55	0.7	2.5066505888171964	2.2166659105791124
2.6	0.7	2.5067049894844406	2.216569464386239
2.65	0.7	2.5067600733797386	2.216474200678818
2.7	0.7	2.5068158299230463	2.2163801040863773
2.75	0.7	2.5068722486937833	2.2162871594562015
2.8	0.7	2.5069293194282367	2.2161953518498545
2.85	0.7	2.5069870320169874	2.2161046665398056
2.9	0.7	2.5070453765024237	2.21601508900608
2.95	0.7	2.507104343076261	2.215926604933067
3.0	0.7	2.5071639220771202	2.215839200206192
3.05	0.7	2.507224103988152	2.2157528609088533
3.1	0.7	2.5072848794347093	2.2156675733192825
3.15	0.7	2.5073462391820436	2.2155833239074982
3.2	0.7	2.507408174133063	2.215500099332355
3.25	0.7	2.5074706753261173	2.215417886438561
3.3	0.7	2.507533733932812	2.2153366722537857
3.35	0.7	2.5075973412559063	2.2152564439858864
3.4	0.7	2.5076614887271895	2.215177189020033
3.45	0.7	2.507726167905424	2.215098894916083
3.5	0.7	2.5077913704743504	2.2150215494057472
3.55	0.7	2.5078570882406686	2.2149451403900544
3.6	0.7	2.5079233131320997	2.214869655936734
3.65	0.7	2.5079900371954786	2.2147950842776187
3.7	0.7	2.508057252594847	2.2147214138062
3.75	0.7	2.508124951609633	2.2146486330750936
3.8	0.7	2.5081931266328032	2.2145767307936457
3.85	0.7	2.5082617701691006	2.2145056958255656
3.9	0.7	2.5083308748332707	2.2144355171865526
3.95	0.7	2.50840043334835	2.214366184042023
4.0	0.7	2.5084704385439616	2.214297685704822
4.05	0.7	2.5085408833546587	2.214230011633005
4.1	0.7	2.50861176081828	2.214163151427664
4.15	0.7	2.5086830640743427	2.21409709483075
4.2	0.7	2.5087547863624646	2.2140318317229983
4.25	0.7	2.508826921020811	2.2139673521218044
4.3	0.7	2.5088994614845572	2.2139036461792148
4.35	0.7	2.508972401284406	2.2138407041798907
4.4	0.7	2.509045734045091	2.2137785165391652
4.45	0.7	2.5091194534839483	2.2137170738010754
4.5	0.7	2.509193553409469	2.2136563666364455
4.55	0.7	2.5092680277199104	2.2135963858410324
4.6	0.7	2.5093428704019223	2.2135371223336695
4.65	0.7	2.5094180755291844	2.2134785671544335
4.7	0.7	2.5094936372610714	2.2134207114628683
4.75	0.7	2.5095695498413595	2.2133635465362507
4.8	0.7	2.509645807596921	2.2133070637678194
4.85	0.7	2.5097224049364697	2.2132512546651055
4.9	0.7	2.509799336349317	2.2131961108482487
4.95	0.7	2.5098765964041445	2.213141624048339
0.0	0.8	2.562335574297518	2.0955139170156167
0.05	0.8	2.5116298680820757	2.0505327840420238
0.1	0.8	2.511631469009614	2.0503821128474358
0.15	0.8	2.511634119681367	2.050233042292412
0.2	0.8	2.511637805975825	2.050085552462591
0.25	0.8	2.511642513970452	2.049939623716703
0.3	0.8	2.511648229938562	2.0497952366799637
0.35	0.8	2.5116549403462636	2.0496523722415656
0.4	0.8	2.5116626318494495	2.049511011550391
0.45	0.8	2.5116712912908405	2.0493711360103744
0.5	0.8	2.511680905697076	2.0492327272774493
0.55	0.8	2.5116914622758735	2.049095767254887
0.6	0.8	2.511702948413204	2.048960238090404
0.65	0.8	2.511715351670565	2.0488261221715534
0.7	0.8	2.511728659782247	2.048693402122826
0.75	0.8	2.511742860652683	2.048562060801581
0.8	0.8	2.5117579423538388	2.0484320812946994
0.85	0.8	2.5117738931226397	2.048303446915215
0.9	0.8	2.511790701358445	2.048176141198683
0.95	0.8	2.511808355620559	2.048050147900083
1.0	0.8	2.511826844625808	2.047925450990387
1.05	0.8	2.5118461572461293	2.0478020346532517
1.1	0.8	2.511866282506217	2.047679883282024
1.15	0.8	2.5118872095812073	2.047558981476557
1.2	0.8	2.5119089277944053	2.0474393140400715
1.25	0.8	2.5119314266150297	2.047320865976152
1.3	0.8	2.511954695656039	2.047203622485887
1.35	0.8	2.511978724671946	2.047087568964767
1.4	0.8	2.5120035035566928	2.046972690999982
1.45	0.8	2.512029022341575	2.0468589743675034
1.5	0.8	2.512055271193162	2.046746405029341
1.55	0.8	2.5120822404112997	2.0466349691307406
1.6	0.8	2.512109920427103	2.0465246529976793
1.65	0.8	2.5121383018010137	2.04641544313396
1.7	0.8	2.512167375220871	2.0463073262189173
1.75	0.8	2.5121971315000247	2.046200289104573
1.8	0.8	2.512227561575471	2.0460943188133083
1.85	0.8	2.5122586565060323	2.045989402535339
1.9	0.8	2.5122904074705588	2.0458855276263113
1.95	0.8	2.5123228057661517	2.0457826816047837
2.0	0.8	2.5123558428064308	2.0456808521500993
2.05	0.8	2.512389510119825	2.045580027099886
2.1	0.8	2.5124237993478804	2.045480194447792
2.15	0.8	2.512458702243622	2.0453813423413707
2.2	0.8	2.512494210669907	2.045283459079775
2.25	0.8	2.512530316597845	2.0451865331115995
2.3	0.8	2.5125670121051944	2.0450905530327588
2.35	0.8	2.5126042893748375	2.044995507584389
2.4	0.8	2.512642140693249	2.0449013856508307
2.45	0.8	2.512680558448987	2.0448081762574883
2.5	0.8	2.512719535131225	2.0447158685688978
2.55	0.8	2.512759063328315	2.0446244518868015
2.6	0.8	2.5127991357263135	2.0445339156481164
2.65	0.8	2.5128397451076374	2.0444442494230732
2.7	0.8	2.512880884349627	2.044355442913373
2.75	0.8	2.5129225464232126	2.0442674859502765
2.8	0.8	2.512964724391577	2.0441803684928472
2.85	0.8	2.513007411408824	2.0440940806261234
2.9	0.8	2.513050600718694	2.04400861255936
2.95	0.8	2.5130942856532728	2.043923954624301
3.0	0.8	2.5131384596317563	2.0438400972735233
3.05	0.8	2.5131831161591935	2.043757031078661
3.1	0.8	2.5132282488252846	2.043674746728845
3.15	0.8	2.5132738513031696	2.043593235029002
3.2	0.8	2.5133199173482805	2.043512486898339
3.25	0.8	2.513366440797131	2.043432493368668
3.3	0.8	2.5134134155662218	2.0433532455829018
3.35	0.8	2.5134608356508896	2.0432747347935543
3.4	0.8	2.513508695124215	2.043196952361195
3.45	0.8	2.513556988135918	2.0431198897529987
3.5	0.8	2.5136057089113057	2.043043538541202
3.55	0.8	2.5136548517501995	2.0429678904018265
3.6	0.8	2.513704411025897	2.0428929371131064
3.65	0.8	2.5137543811841714	2.042818670554183
3.7	0.8	2.51380475674223	2.042745082703696
3.75	0.8	2.5138555322877485	2.042672165638478
3.8	0.8	2.513906702477886	2.0425999115321654
3.85	0.8	2.513958262038328	2.042528312653942
3.9	0.8	2.5140102057623133	2.042457361367191
3.95	0.8	2.514062528509757	2.0423870501283075
4.0	0.8	2.5141152252062757	2.0423173714853555
4.05	0.8	2.5141682908423153	2.042248318076911
4.1	0.8	2.514221720472253	2.042179882630788
4.15	0.8	2.5142755092135243	2.0421120579628966
4.2	0.8	2.5143296522457512	2.042044836976041
4.25	0.8	2.514384144809898	2.041978212658729
4.3	0.8	2.514438982207443	2.041912178084092
4.35	0.8	2.5144941597995323	2.0418467264087106
4.4	0.8	2.514549673006185	2.0417818508715357
4.45	0.8	2.514605517305492	2.041717544792759
4.5	0.8	2.5146616882328208	2.0416538015727856
4.55	0.8	2.5147181813800428	2.0415906146911342
4.6	0.8	2.5147749923947766	2.0415279777054267
4.65	0.8	2.5148321169796155	2.0414658842503126
4.7	0.8	2.5148895508914064	2.0414043280365
4.75	0.8	2.514947289940515	2.041343302849743
4.8	0.8	2.5150053299900947	2.0412828025498397
4.85	0.8	2.5150636669553825	2.0412228210696846
4.9	0.8	2.5151222968030176	2.041163352414304
4.95	0.8	2.5151812155503257	2.041104390659918
0.0	0.9	2.4498706895448366	2.26935272981791
0.05	0.9	2.433939119991377	2.252742194094612
0.1	0.9	2.4339404149782915	2.2525206335561343
0.15	0.9	2.4339425605425244	2.252300985334385
0.2	0.9	2.433945546404294	2.252083229222971
0.25	0.9	2.4339493624136366	2.251867345259244
0.3	0.9	2.4339539985485756	2.251653313716865
0.35	0.9	2.4339594449133397	2.251441115104871
0.4	0.9	2.4339656917365886	2.251230730162678
0.45	0.9	2.4339727293696836	2.2510221398587467
0.5	0.9	2.433980548284973	2.2508153253863417
0.55	0.9	2.4339891390741046	2.2506102681605964
0.6	0.9	2.4339984924463836	2.2504069498160475
0.65	0.9	2.4340085992271336	2.2502053522029937
0.7	0.9	2.4340194503560766	2.2500054573854094
0.75	0.9	2.434031036885784	2.2498072476373188
0.8	0.9	2.434043349980088	2.2496107054405505
0.85	0.9	2.4340563809125717	2.2494158134814355
0.9	0.9	2.4340701210650506	2.2492225546487497
0.95	0.9	2.4340845619260927	2.2490309120304843
1.0	0.9	2.434099695089549	2.24884086891115
1.05	0.9	2.43411551225312	2.2486524087698205
1.1	0.9	2.4341320052169393	2.248465515276897
1.15	0.9	2.4341491658821677	2.2482801722918317
1.2	0.9	2.434166986249632	2.248096363860761
1.25	0.9	2.434185458418455	2.247914074213758
1.3	0.9	2.434204574584742	2.247733287762724
1.35	0.9	2.434224327040251	2.2475539890987837
1.4	0.9	2.434244708171105	2.2473761629900206
1.45	0.9	2.4342657104565237	2.247199794379324
1.5	0.9	2.4342873264675604	2.2470248683817657
1.55	0.9	2.4343095488658753	2.246851370282537
1.6	0.9	2.434332370402511	2.2466792855350395
1.65	0.9	2.4343557839167027	2.246508599758108
1.7	0.9	2.4343797823346827	2.246339298734336
1.75	0.9	2.4344043586685427	2.2461713684078064
1.8	0.9	2.43442950601506	2.246004794881994
1.85	0.9	2.4344552175545884	2.245839564417734
1.9	0.9	2.434481486549944	2.24567566343115
1.95	0.9	2.434508306345298	2.2455130784917885
2.0	0.9	2.434535670365113	2.2453517963205503
2.05	0.9	2.434563572113077	2.245191803787754
2.1	0.9	2.434592005171042	2.245033087911309
2.15	0.9	2.4346209631980256	2.244875635854705
2.2	0.9	2.4346504399291446	2.244719434925349
2.25	0.9	2.4346804291746658	2.244564472572539
2.3	0.9	2.4347109248189875	2.2444107363857686
2.35	0.9	2.4347419208196697	2.244258214093028
2.4	0.9	2.4347734112064905	2.2441068935588455
2.45	0.9	2.4348053900804874	2.243956762782753
2.5	0.9	2.434837851613038	2.2438078098975196
2.55	0.9	2.4348707900449336	2.243660023167463
2.6	0.9	2.4349041996854863	2.2435133909868408
2.65	0.9	2.434938074911626	2.2433679018781816
2.7	0.9	2.4349724101670387	2.2432235444907045
2.75	0.9	2.4350071999612855	2.24308030759872
2.8	0.9	2.4350424388689644	2.242938180100077
2.85	0.9	2.435078121528861	2.242797151014683
2.9	0.9	2.4351142426431234	2.242657209482819
2.95	0.9	2.4351507969764525	2.242518344763958
3.0	0.9	2.4351877793552883	2.2423805462348847
3.05	0.9	2.4352251846670203	2.2422438033885816
3.1	0.9	2.435263007859209	2.2421081058326555
3.15	0.9	2.4353012439388193	2.241973443287925
3.2	0.9	2.435339887971446	2.2418398055870314
3.25	0.9	2.435378935080583	2.2417071826730997
3.3	0.9	2.435418380446878	2.241575564598356
3.35	0.9	2.435458219307399	2.2414449415227837
3.4	0.9	2.4354984469549334	2.2413153037128586
3.45	0.9	2.435539058737262	2.2411866415401973
3.5	0.9	2.435580050056477	2.2410589454802428
3.55	0.9	2.435621416368292	2.2409322061111094
3.6	0.9	2.4356631531813506	2.240806414112281
3.65	0.9	2.435705256056592	2.2406815602633467
3.7	0.9	2.4357477206065425	2.2405576354428383
3.75	0.9	2.435790542494716	2.2404346306270297
3.8	0.9	2.4358337174349467	2.240312536888704
3.85	0.9	2.4358772411907577	2.2401913453961058
3.9	0.9	2.4359211095747484	2.2400710474116283
3.95	0.9	2.435965318447978	2.23995163429088
4.0	0.9	2.4360098637193595	2.2398330974813656
4.05	0.9	2.4360547413450546	2.2397154285215763
4.1	0.9	2.436099947327901	2.239598619039702
4.15	0.9	2.436145477716816	2.2394826607527802
4.2	0.9	2.436191328606243	2.2393675454654454
4.25	0.9	2.4362374961355595	2.2392532650690087
4.3	0.9	2.436283976488552	2.239139811540369
4.35	0.9	2.436330765892838	2.2390271769410273
4.4	0.9	2.4363778606193445	2.238915353416069
4.45	0.9	2.4364252569817673	2.2388043331931815
4.5	0.9	2.4364729513360404	2.2386941085816656
4.55	0.9	2.4365209400798187	2.238584671971534
4.6	0.9	2.4365692196519704	2.2384760158324535
4.65	0.9	2.4366177865320657	2.238368132712896
4.7	0.9	2.436666637239873	2.238261015239187
4.75	0.9	2.436715768334884	2.2381546561146104
4.8	0.9	2.4367651764158094	2.238049048118473
4.85	0.9	2.4368148581201146	2.237944184105236
4.9	0.9	2.4368648101235344	2.2378400570036407
4.95	0.9	2.4369150291396204	2.2377366598158535